0,486
0,485
33,4
33,3
33,2
33,1
33,0
32,4
32,3
32,2
32,1
32,0
31,3
31,2
31,1
31,0
27,2
27,1
27,0
26,3
26,2
26,1
26,0
25,4
25,3
25,2
25,1
25,0
24,4
24,3
24,2
24,1
24,0
23,3
23,2
23,1
23,0
22,3
22,2
22,1
22,0
21,3
21,2
21,1
21,0
20,3
20,2
20,1
20,0
6,4
6,3
6,2
6,1
6,0
5,4
5,3
5,2
5,1
5,0
4,3
4,2
4,1
4,0
3,3
3,1
3,0
1,3
2,1
1,1
2,3
1,0
2,0
0,408
0,322
0,243
0,9
0,310
0,305
0,308
0,307
0,302
0,304
0,303
0,12
0,10
0,8
0,0
0,440
0,300
0,439
0,299
0,441
0,298
0,437
0,297
0,436
0,296
0,438
0,295
0,435
0,434
0,294
0,433
0,293
0,432
0,292
0,431
0,291
0,430
0,290
0,429
0,289
0,428
0,288
0,427
0,426
0,287
0,425
0,424
0,286
0,423
0,285
0,422
0,284
0,421
0,420
0,283
0,419
0,282
0,418
0,281
0,417
0,280
0,416
0,279
0,415
0,278
0,414
0,277
0,484
0,413
0,276
0,412
0,275
0,411
0,274
0,410
0,273
0,409
0,272
0,407
0,271
0,406
0,270
0,483
0,405
0,269
0,404
0,268
0,482
0,403
0,267
0,402
0,266
0,401
0,265
0,400
0,264
0,481
0,399
0,263
0,480
0,262
0,479
0,398
0,261
0,397
0,260
0,396
0,259
0,478
0,395
0,258
0,394
0,257
0,393
0,256
0,392
0,255
27,3
28,0
28,2
28,3
28,5
28,6
29,0
29,2
29,3
29,5
30,0
30,2
30,4
30,5
30,3
30,1
29,4
29,1
28,7
28,4
28,1
0,477
0,391
0,254
0,390
0,253
0,476
0,389
0,252
0,475
0,388
0,251
0,474
0,387
0,250
0,473
0,249
0,472
0,386
0,248
0,471
0,247
0,470
0,385
0,246
0,384
0,245
0,383
0,244
0,242
0,382
0,241
0,381
0,240
0,380
0,239
0,238
0,379
0,237
0,378
0,236
0,377
0,235
0,234
0,469
0,376
0,233
0,468
0,375
0,232
0,374
0,231
0,467
0,230
0,466
0,373
0,229
0,465
0,372
0,228
0,371
0,227
0,464
0,226
0,463
0,370
0,225
0,462
0,369
0,224
0,368
0,223
0,461
0,222
0,460
0,367
0,221
0,459
0,366
0,220
0,365
0,219
0,458
0,218
0,364
0,217
0,457
0,216
0,363
0,215
0,362
0,214
0,361
0,213
0,360
0,212
0,359
0,211
0,358
0,210
0,357
0,209
0,356
0,208
0,355
0,207
0,354
0,206
0,353
0,205
0,352
0,204
0,351
0,203
0,350
0,202
0,349
0,201
0,348
0,200
0,347
0,199
0,346
0,333
0,198
0,345
0,332
0,197
0,344
0,331
0,196
0,343
0,330
0,195
0,456
0,329
0,194
0,342
0,328
0,193
0,341
0,327
0,192
0,340
0,326
0,63
0,339
0,325
0,62
0,455
0,324
0,61
0,338
0,323
0,60
0,337
0,321
0,59
0,453
0,320
0,58
0,452
0,57
0,454
0,319
0,56
0,336
0,318
0,55
0,450
0,317
0,54
0,451
0,335
0,53
0,448
0,316
0,52
0,447
0,315
0,51
0,449
0,314
0,50
0,334
0,313
0,49
0,445
0,312
0,48
0,446
0,311
0,47
0,443
0,309
0,46
0,442
0,306
0,45
0,444
0,301
0,6
0,5
0,1
0,11
0,4
0,2
0,3
0,7
